,18942,1053,36653,35906,24887,40959,19451,16248,17887,44480,12894,3806,16302,20472,19797,27494,17012,119,32374,41039,9453,31541,12207,13592,25626,9594,4888,36962,15699,4130,15556,9294,43706,30224,43738,4407,8838,2771,18058,33492,12760,44112,27614,24898,16010,18487,16993,17826,41342,156,26303,39547,1896,30219,6331,43890,9330,36091,27651,1745,2616,39468,21325,43498,34340,24543,23531,27330,42995,449,2874,25678,28712,12152,14210,18653,22092,19067,26235,22144,17629,36231,2448,31424,4302,1076,1471,19959,33633,18437,29295,20565,22234,31939,40447,22779,40560,37248,6454,38985
18942,0,0.008663724,4.41E-05,0.009705311,0.006317674,0.006442742,0.009018518,0.006313331,0.00647721,0.006488833,0.006472929,0.009875695,0.006459983,0.009734164,0.009859751,0.006505965,0.011074953,0.006431249,0.006477365,0.009647519,0.006297542,5.69E-05,0.00973271,0.009729854,0.006358148,0.006508782,0.006809307,6.26E-05,4.41E-05,0.008922036,0.006465781,0.006842386,0.006449934,0.009634526,0.006449929,0.009715368,0.006319107,0.020502862,0.006445638,0.006806429,0.006483028,0.006448485,0.006434131,4.98E-05,0.006454249,0.006274741,0.006365206,0.006507349,0.006419817,0.008663724,0.011388825,0.006826558,0.009729839,0.009644642,0.058120177,0.006478668,0.006314803,0.006455687,0.009643181,0.008722743,0.008706954,0.006843852,0.006474338,0.006464298,0.009861235,0.008894417,0.009868461,0.012790222,0.006465717,0.009745728,0.008836843,0.01109663,0.009855471,0.006452855,0.009862674,0.006491585,0.008697029,0.009854025,0.006336585,0.006445471,0.00644849,0.006449949,0.008685355,0.006445638,0.009719685,0.008665168,2.99E-05,0.01041143,0.006449968,0.008735998,0.00645285,0.009739919,0.006665468,0.010402743,0.006454244,0.006437018,0.011394626,0.006454229,0.010398438,3.56E-05
1053,0.008663724,0,0.008665175,0.008798688,0.008159183,0.008051199,0.00585814,0.008156261,0.007900013,0.0082875,0.007897172,0.00862869,0.008065585,0.008828947,0.008611354,0.008195199,0.010046564,0.008036782,0.008032687,0.00878136,0.008141873,0.008678149,0.00882894,0.008823197,0.008155045,0.007928761,0.008221148,0.008681037,0.008663724,0.004464378,0.008144865,0.008254288,0.007871241,0.008764052,0.007872677,0.008811625,0.008163505,0.021864657,0.007869824,0.008234121,0.00817366,0.007871229,0.008039673,0.008670943,0.00813905,0.007944692,0.008205266,0.007928768,0.008081464,0.000116681,0.01037307,0.008244195,0.008823184,0.008771265,0.058957731,0.00790148,0.008154862,0.008140493,0.008772696,0.004130581,0.004113431,0.00825432,0.007897135,0.00788852,0.00861426,0.00578498,0.008627233,0.011307418,0.007885612,0.008839036,0.000308827,0.010066762,0.008612823,0.008136222,0.008570987,0.007912979,0.003891518,0.008607062,0.008016821,0.008288827,0.007871235,0.007875586,0.000101028,0.008136165,0.008813049,1.42E-06,0.008650743,0.007747004,0.008136197,0.003930179,0.008134773,0.00882892,0.008481981,0.007735473,0.007878445,0.008128965,0.010375966,0.007872659,0.007736943,0.008656518
36653,4.41E-05,0.008665175,0,0.009706765,0.006319117,0.006444185,0.00901708,0.006314774,0.006478653,0.006490276,0.006474372,0.009877149,0.006461426,0.009735618,0.009861205,0.006504531,0.011076411,0.006432693,0.006478808,0.009648973,0.006298985,5.83E-05,0.009734164,0.009731308,0.006359592,0.006510226,0.006810752,6.40E-05,4.55E-05,0.008923488,0.006467225,0.006843831,0.006451377,0.00963598,0.006451372,0.009716822,0.00632055,0.020504341,0.006447082,0.006807873,0.006484472,0.006449929,0.006435574,5.12E-05,0.006455692,0.006273308,0.006363773,0.006508792,0.00642126,0.008665175,0.011390284,0.006828003,0.009731293,0.009646095,0.058118651,0.006480111,0.006316246,0.006457131,0.009644634,0.008724193,0.008708404,0.006845297,0.006475781,0.006465742,0.00986269,0.008895868,0.009869916,0.012787324,0.00646716,0.009747181,0.008838294,0.011098088,0.009856926,0.006454299,0.009864129,0.006493028,0.00869848,0.009855479,0.006335152,0.006444038,0.006449934,0.006451392,0.008686806,0.006447082,0.009721139,0.008666619,3.13E-05,0.010412886,0.006451412,0.008737449,0.006454294,0.009741373,0.006666912,0.010404198,0.006455687,0.006438461,0.011396085,0.006458549,0.010399894,3.70E-05
35906,0.009705311,0.008798688,0.009706765,0,0.009808918,0.009765583,0.009257685,0.00981032,0.009657355,0.009925962,0.009654514,0.007282374,0.009780033,7.40E-05,0.007266507,0.009918683,0.009937342,0.009745371,0.009791903,0.00031879,0.00979156,0.00971542,7.26E-05,8.11E-05,0.009747032,0.009687615,0.009731011,0.00971976,0.009706757,0.008996563,0.009856767,0.009770011,0.009628514,0.000293167,0.009629952,6.40E-05,0.009814696,0.023552417,0.009627097,0.009735335,0.009897102,0.009628499,0.009748271,0.009712543,0.009868168,0.009630025,0.009882672,0.009681838,0.009813332,0.008792938,0.010225965,0.009748338,8.68E-05,0.000303132,0.059770646,0.009658831,0.009804586,0.009869615,0.000301708,0.008890906,0.008873669,0.009765724,0.00965447,0.009645838,0.007270856,0.009088962,0.007278042,0.013265637,0.009645808,0.000115259,0.008947328,0.009956091,0.007266541,0.009848102,0.007355706,0.009670356,0.008770166,0.007286673,0.009702433,0.009951855,0.009628506,0.009628535,0.008794382,0.009859503,7.11E-05,0.008797244,0.009692309,0.010940287,0.009865312,0.008806248,0.009846648,8.25E-05,0.010066053,0.010931592,0.009635737,0.009852285,0.010231754,0.00962993,0.010927285,0.009698094
24887,0.006317674,0.008159183,0.006319117,0.009808918,0,0.003380871,0.008509393,0.000157952,0.00396752,0.003675543,0.003964677,0.009915857,0.003392314,0.009839221,0.009898466,0.003632581,0.01114534,0.003357988,0.003706995,0.009703451,0.000105297,0.006332045,0.009839213,0.009833464,0.003679735,0.003997555,0.004255273,0.006337798,0.006319112,0.008477756,0.00375851,0.00429252,0.003938906,0.009687564,0.003940335,0.00982187,0.000165068,0.018138614,0.003937486,0.00425384,0.003605426,0.003944629,0.003363715,0.006324865,0.003581084,0.003526704,0.003609656,0.003996126,0.003535317,0.008157753,0.011446231,0.004278177,0.009833449,0.009694788,0.056904717,0.003968965,0.000156529,0.003579652,0.009693327,0.008268482,0.008257028,0.004295389,0.003964658,0.003956082,0.009904291,0.008353775,0.009914395,0.012382345,0.00395607,0.009846446,0.008335047,0.011167019,0.009898511,0.003749925,0.009856587,0.003983271,0.008193908,0.009894186,0.00345517,0.003907225,0.003938903,0.003943212,0.008186555,0.003568212,0.009823294,0.008157741,0.006304741,0.009764115,0.003573946,0.008228516,0.003747058,0.009843531,0.003387944,0.009752544,0.003946065,0.003558197,0.011452032,0.003947488,0.009751134,0.006310494
40959,0.006442742,0.008051199,0.006444185,0.009765583,0.003380871,0,0.008353742,0.003376567,0.003870109,0.003847326,0.003864402,0.009829102,0.000122374,0.009797331,0.009811715,0.003295026,0.011086057,8.82E-05,0.003652635,0.009631246,0.00335798,0.006457116,0.009797324,0.009791575,0.003603983,0.003900141,0.003948898,0.00646287,0.00644418,0.008333617,0.00374425,0.003984694,0.003841499,0.009615361,0.003842929,0.009779981,0.003383736,0.018116485,0.003840079,0.003938878,0.003270744,0.003847222,9.11E-05,0.006447057,0.003242124,0.003609672,0.00361687,0.003898712,0.003199246,0.008056943,0.011369554,0.003966075,0.00979156,0.009625476,0.057066868,0.003871554,0.003375155,0.003243555,0.009621123,0.008115815,0.008101477,0.003983277,0.003867248,0.003858673,0.009811752,0.008213941,0.009824763,0.012211134,0.003858661,0.009804556,0.008221263,0.011107734,0.009813205,0.003738528,0.009781384,0.003885858,0.008059953,0.009807434,0.003533841,0.004003131,0.003841496,0.003845805,0.008072797,0.003230689,0.009781406,0.008049757,0.006429806,0.009725093,0.003236419,0.008096008,0.003738525,0.009801641,0.003893019,0.009713523,0.003848657,0.003223541,0.011375355,0.00385008,0.009712114,0.00643556
19451,0.009018518,0.00585814,0.00901708,0.009257685,0.008509393,0.008353742,0,0.008516571,0.00818081,0.008642087,0.008177969,0.009116428,0.008368134,0.009287965,0.009103396,0.008492111,0.010465861,0.008339318,0.00833233,0.009276403,0.008499289,0.009032951,0.009287958,0.009282212,0.008430179,0.008211011,0.008497918,0.009035841,0.009019962,0.00616289,0.00848204,0.008529641,0.008152027,0.009256205,0.008153463,0.009270629,0.008522378,0.022152559,0.00815061,0.008533965,0.008469122,0.008152015,0.008342211,0.009025741,0.008440255,0.00831788,0.008518047,0.008209575,0.008404265,0.005868199,0.01074912,0.0085181,0.009282198,0.009263424,0.059106623,0.008182278,0.008516617,0.008441699,0.009264855,0.006063483,0.006050611,0.008532562,0.008177931,0.008169313,0.009104876,0.003675482,0.009120749,0.011671109,0.008169288,0.009298061,0.005997456,0.010487519,0.009106328,0.008473406,0.009061566,0.008193781,0.005846843,0.009097673,0.008367005,0.008628999,0.008152021,0.008153489,0.005850964,0.008433052,0.009272053,0.005856703,0.009005529,0.008068144,0.008433085,0.00587989,0.008471956,0.009292272,0.008859876,0.008056606,0.008159234,0.008422962,0.010754915,0.008153445,0.008055194,0.009011308
16248,0.006313331,0.008156261,0.006314774,0.00981032,0.000157952,0.003376567,0.008516571,0,0.003960345,0.003674099,0.003957502,0.009917259,0.00338801,0.009840623,0.009899868,0.003628274,0.011152539,0.003353684,0.003705552,0.009704853,0.000135181,0.006327702,0.009840616,0.009834866,0.003678292,0.00399038,0.004250961,0.006333455,0.006314769,0.008477717,0.003757067,0.004288206,0.003931731,0.009688967,0.00393316,0.009823272,9.82E-05,0.018128338,0.003930311,0.004249528,0.00360112,0.003937454,0.003359411,0.006320522,0.003576778,0.003522399,0.003608213,0.003988951,0.003531012,0.008154831,0.011457784,0.004273864,0.009834852,0.009696191,0.056893663,0.00396179,0.000146566,0.003575347,0.00969473,0.008268444,0.00825699,0.004291076,0.003957483,0.003948907,0.009905692,0.008350863,0.009915797,0.012385193,0.003948895,0.009847848,0.008332122,0.011174218,0.009899913,0.003748481,0.009857989,0.003976096,0.008192427,0.009895588,0.003453729,0.003905781,0.003931728,0.003936038,0.008183632,0.003563906,0.009824696,0.008154818,0.006300399,0.009771303,0.00356964,0.008227034,0.003745614,0.009844933,0.00338364,0.009759732,0.00393889,0.003553892,0.011463585,0.003940313,0.009758322,0.006306151
17887,0.00647721,0.007900013,0.006478653,0.009657355,0.00396752,0.003870109,0.00818081,0.003960345,0,0.003943137,0.000109566,0.009752699,0.003894445,0.009684774,0.009736759,0.0039574,0.011012391,0.003860093,0.003685579,0.009576464,0.003944607,0.006491585,0.009686199,0.009681897,0.003847131,0.000196376,0.004472934,0.006497339,0.006478648,0.008212651,0.003858691,0.00451162,0.00013945,0.009562027,6.12E-05,0.009670305,0.003964658,0.014572535,8.82E-05,0.004448577,0.003930234,6.83E-05,0.003862961,0.006484402,0.003904447,0.003429447,0.003937505,0.000227688,0.003804269,0.007907211,0.011294394,0.004492985,0.009681882,0.009572141,0.055261496,9.25E-05,0.003961799,0.003905879,0.009564897,0.007954475,0.007943023,0.004510203,2.28E-05,0.00010672,0.00973535,0.008103044,0.00974836,0.012054876,7.97E-05,0.009694876,0.008087309,0.011034066,0.009735357,0.003852969,0.009691954,0.000133758,0.007926044,0.009731033,0.003857299,0.004048944,5.98E-05,0.000145143,0.007938886,0.003893007,0.009671729,0.007898571,0.006464273,0.009668801,0.003900171,0.007963533,0.003852966,0.009686191,0.004176525,0.009657232,9.11E-05,0.00388871,0.011300193,0.000210611,0.009658714,0.006470027
44480,0.006488833,0.0082875,0.006490276,0.009925962,0.003675543,0.003847326,0.008642087,0.003674099,0.003943137,0,0.003943159,0.010022915,0.003858777,0.00995627,0.01000552,0.003662715,0.01121354,0.003824426,0.003748519,0.009833479,0.003655504,0.006503208,0.009956263,0.009950513,0.003612578,0.003976037,0.004312678,0.006508963,0.006490271,0.008551348,0.00360823,0.004345629,0.003917389,0.009817589,0.003918818,0.009938916,0.003679841,0.018129868,0.003913104,0.004314105,0.003638429,0.003917383,0.003830158,0.006493148,0.003614079,0.003762818,0.003631163,0.003974607,0.003579749,0.0082875,0.011489808,0.004331291,0.009950498,0.009827708,0.057078632,0.003946015,0.003672688,0.003612647,0.009823353,0.00834493,0.008327703,0.0043571,0.003943141,0.003934565,0.010008452,0.008477736,0.010024347,0.012407181,0.003934553,0.00996205,0.008457641,0.011235221,0.010009907,0.003598215,0.009965035,0.003958888,0.00829916,0.010004134,0.003824429,0.003963114,0.003917386,0.003921695,0.008309118,0.003598343,0.00994034,0.008286057,0.006475896,0.009866819,0.003606941,0.008332343,0.00359678,0.009957687,0.004212248,0.009855245,0.003924548,0.003594054,0.01149561,0.003924538,0.009853836,0.00648165
12894,0.006472929,0.007897172,0.006474372,0.009654514,0.003964677,0.003864402,0.008177969,0.003957502,0.000109566,0.003943159,0,0.009749858,0.003888737,0.009683365,0.009733918,0.003954557,0.011009549,0.003854386,0.003681305,0.009572177,0.003941764,0.006487304,0.009681911,0.009679055,0.003844287,0.000194953,0.004468658,0.006493058,0.006474367,0.008209811,0.003855848,0.004507343,0.000136605,0.009559186,8.25E-05,0.009667464,0.003961815,0.014568209,8.40E-05,0.0044443,0.003927391,8.68E-05,0.003857253,0.006480121,0.003900171,0.003428029,0.003934662,0.000224842,0.003801425,0.00790437,0.011290102,0.004488708,0.009679041,0.0095693,0.055252406,0.00011099,0.003958957,0.003901603,0.009564948,0.007951633,0.007940182,0.004505927,0.00010672,0.000102451,0.009732509,0.008100203,0.009745519,0.012052038,9.82E-05,0.009692035,0.008087353,0.011031224,0.009732516,0.003850125,0.009689113,0.000129489,0.007923203,0.009728192,0.003853023,0.0040461,8.11E-05,0.000140875,0.007936046,0.00389159,0.009668888,0.00789573,0.006459993,0.009665959,0.003895895,0.007960693,0.003850122,0.00968335,0.004172249,0.00965439,4.70E-05,0.003885867,0.011295901,0.000207765,0.009655873,0.006465747
3806,0.009875695,0.00862869,0.009877149,0.007282374,0.009915857,0.009829102,0.009116428,0.009917259,0.009752699,0.010022915,0.009749858,0,0.009846431,0.007312568,0.000115258,0.009943256,0.01009438,0.009814659,0.00987134,0.007400332,0.009898496,0.009890148,0.007312562,0.007318341,0.009906017,0.00978007,0.008900989,0.009893041,0.009877142,0.008830644,0.009924636,0.008925509,0.009723853,0.007377321,0.009725292,0.007295288,0.009921637,0.023636521,0.009722436,0.008939932,0.009917334,0.009725285,0.009816113,0.009882929,0.009888399,0.009777303,0.009965027,0.009774291,0.009845104,0.008637365,0.010375913,0.008918307,0.007306817,0.0073874,0.059878095,0.009754175,0.009914418,0.009889846,0.007385948,0.008716464,0.00869923,0.008935652,0.009749813,0.00974118,0.000119528,0.00896199,0.000140875,0.013238043,0.00974115,0.007319754,0.008783055,0.010110238,0.000126644,0.00991597,0.000436957,0.009765702,0.008643404,0.000135182,0.00980059,0.010058757,0.009723846,0.009722429,0.008625829,0.009879734,0.007299593,0.008630134,0.00986269,0.010943258,0.009879771,0.008675147,0.009914516,0.007319748,0.010209084,0.010934563,0.009731077,0.009869622,0.010381704,0.009719485,0.010930257,0.009868477
16302,0.006459983,0.008065585,0.006461426,0.009780033,0.003392314,0.000122374,0.008368134,0.00338801,0.003894445,0.003858777,0.003888737,0.009846431,0,0.009811781,0.009829043,0.003302175,0.011101985,9.68E-05,0.003672667,0.009645692,0.003369423,0.006474357,0.009811774,0.009806025,0.003624002,0.003923045,0.003966075,0.006477234,0.006461421,0.008348022,0.003749972,0.003999006,0.003865834,0.009629807,0.003867263,0.009794431,0.003395179,0.018136936,0.003864414,0.003956054,0.003279323,0.003871557,0.000102452,0.006464298,0.003250703,0.003623982,0.003628317,0.003923048,0.003210685,0.008071342,0.011385489,0.003983252,0.00980601,0.009639922,0.057086997,0.003895889,0.003386598,0.003252134,0.009635569,0.008133099,0.008118762,0.004000455,0.003891584,0.003883008,0.00982908,0.008224015,0.009842092,0.012227093,0.003882996,0.009819006,0.008235665,0.011123662,0.009830534,0.00374425,0.009795818,0.003910194,0.008077225,0.009824763,0.00354815,0.004018882,0.003865831,0.00387014,0.008087196,0.003239268,0.009795855,0.008067028,0.006447047,0.009742405,0.003244998,0.00811328,0.003744247,0.009816091,0.003907329,0.009730835,0.003872992,0.00323212,0.01139129,0.003874415,0.009729425,0.006452801
20472,0.009734164,0.008828947,0.009735618,7.40E-05,0.009839221,0.009797331,0.009287965,0.009840623,0.009684774,0.00995627,0.009683365,0.007312568,0.009811781,0,0.007296701,0.009950438,0.009969097,0.009777118,0.009820759,0.00028605,0.009821862,0.009744274,5.98E-05,8.40E-05,0.009777333,0.009716467,0.009761311,0.009748613,0.00973561,0.009023942,0.009887072,0.009800313,0.009658809,0.000261852,0.00965737,6.12E-05,0.009845,0.023581799,0.009655946,0.009765635,0.009928856,0.009655917,0.009780018,0.009741396,0.009898474,0.009657443,0.009912979,0.009712136,0.009845082,0.008823197,0.010256285,0.009778638,0.000118104,0.000271816,0.059801597,0.00968625,0.009834889,0.00989992,0.000270392,0.008921169,0.008903931,0.009796025,0.009681889,0.009674688,0.00730105,0.009119234,0.007305366,0.013299002,0.009673227,0.000145143,0.008977593,0.009987847,0.007293864,0.009875514,0.007385903,0.009699207,0.008803313,0.007316867,0.009731286,0.009982164,0.009655924,0.009657385,0.008824641,0.009888377,0.00010245,0.008827503,0.009721161,0.01096774,0.009895618,0.008839396,0.009876953,5.12E-05,0.010096368,0.010959045,0.009664586,0.009884037,0.010262075,0.009660226,0.010954738,0.009726947
19797,0.009859751,0.008611354,0.009861205,0.007266507,0.009898466,0.009811715,0.009103396,0.009899868,0.009736759,0.01000552,0.009733918,0.000115258,0.009829043,0.007296701,0,0.009925865,0.010076986,0.009797272,0.009853949,0.007384462,0.009881106,0.009874203,0.007296695,0.007302473,0.009888625,0.00976413,0.008883632,0.009877096,0.009861198,0.00881762,0.009908691,0.008908151,0.009707914,0.007361451,0.009709353,0.007279421,0.009904246,0.023621705,0.009706497,0.008922574,0.009899943,0.009709346,0.009798726,0.009866984,0.009871009,0.009759916,0.009947635,0.009761244,0.009827715,0.008620028,0.010358511,0.00890095,0.00729095,0.00737153,0.059862277,0.009738235,0.009897027,0.009872456,0.007370078,0.008699126,0.008681892,0.008918294,0.009733874,0.00972524,0.000103874,0.008946073,0.00012522,0.013217653,0.009725211,0.007303886,0.008765714,0.010092844,0.000110989,0.009900025,0.000421293,0.009749762,0.008627496,0.000119527,0.009783201,0.010041362,0.009707907,0.00970649,0.008608492,0.009862344,0.007283726,0.008612797,0.009846746,0.010922938,0.009862381,0.008659239,0.009898571,0.007303881,0.010191684,0.010914243,0.009715138,0.009852233,0.010364302,0.009703546,0.010909936,0.009852532
27494,0.006505965,0.008195199,0.006504531,0.009918683,0.003632581,0.003295026,0.008492111,0.003628274,0.0039574,0.003662715,0.003954557,0.009943256,0.003302175,0.009950438,0.009925865,0,0.011217774,0.003269285,0.003728449,0.009834881,0.003609681,0.006520341,0.00995043,0.009944681,0.003768432,0.003981717,0.001293221,0.006524656,0.006507403,0.008503831,0.003702657,0.00132744,0.003928786,0.009818992,0.003930216,0.009933084,0.003634015,0.018126661,0.003927366,0.001330289,0.000305979,0.00393451,0.00327501,0.006513158,0.000230537,0.003525272,0.003360781,0.003986005,0.000305979,0.008200944,0.011515815,0.001314603,0.009944666,0.00982911,0.057074876,0.003958845,0.003626863,0.00023196,0.009824755,0.00828153,0.008267191,0.001340274,0.003954538,0.003945962,0.009925902,0.008389853,0.009938916,0.012385193,0.00394595,0.009957665,0.008368173,0.011239455,0.00992591,0.003696935,0.009899853,0.00397315,0.008186746,0.009921584,0.003555307,0.003920168,0.003928783,0.003933093,0.008216801,0.000217727,0.009934508,0.008193756,0.006493028,0.009820468,0.000217728,0.008219923,0.003696932,0.009951855,0.003943022,0.009811789,0.003935945,0.000210611,0.011521617,0.003935936,0.009810379,0.006498782
17012,0.011074953,0.010046564,0.011076411,0.009937342,0.01114534,0.011086057,0.010465861,0.011152539,0.011012391,0.01121354,0.011009549,0.01009438,0.011101985,0.009969097,0.010076986,0.011217774,0,0.011070154,0.011126741,0.010029748,0.011132294,0.011089432,0.009967643,0.009961893,0.01118761,0.011042705,0.011036981,0.011092331,0.011076402,0.010284025,0.011196251,0.011076057,0.010983495,0.010009528,0.010984936,0.009948849,0.011156929,0.024742475,0.010982078,0.011036964,0.011191811,0.010986377,0.011070162,0.0110822,0.011159918,0.011026803,0.011230831,0.011041264,0.011116561,0.010049472,0.002438904,0.01105434,0.009961878,0.010016755,0.059945654,0.011013873,0.011151146,0.011164267,0.010018187,0.010047989,0.010030728,0.011071766,0.0110095,0.011000853,0.010082811,0.010366335,0.010092918,0.014421737,0.010997922,0.009973415,0.010205604,0.000163644,0.010078477,0.011187569,0.010166543,0.011025418,0.010019455,0.010072704,0.011076221,0.011252421,0.010983487,0.010984968,0.0100596,0.011149787,0.009954614,0.010045117,0.011061924,0.011830034,0.011161408,0.010049819,0.01118901,0.009973408,0.011479597,0.011815539,0.010990733,0.011145454,0.002441761,0.010979115,0.011814131,0.011067722
119,0.006431249,0.008036782,0.006432693,0.009745371,0.003357988,8.82E-05,0.008339318,0.003353684,0.003860093,0.003824426,0.003854386,0.009814659,9.68E-05,0.009777118,0.009797272,0.003269285,0.011070154,0,0.003638327,0.009611038,0.003335098,0.006445623,0.009777111,0.009771362,0.003589665,0.003890124,0.003931719,0.006451377,0.006432688,0.00831632,0.003715627,0.003967514,0.003831484,0.009595153,0.003832913,0.009759769,0.003360853,0.018106268,0.003830063,0.003921698,0.003245003,0.003837206,6.55E-05,0.006435564,0.003216385,0.003592508,0.003593979,0.003888695,0.003176369,0.008039654,0.011353645,0.003948895,0.009771347,0.009605268,0.057060737,0.003861537,0.003352272,0.003217816,0.009600916,0.008101409,0.008087072,0.003966097,0.003857232,0.003848657,0.009797309,0.008196648,0.00981032,0.012195204,0.003848645,0.009784343,0.008203969,0.01109183,0.009798763,0.003709906,0.009764049,0.003875841,0.008045536,0.009792992,0.003516679,0.003987389,0.003831481,0.003835789,0.008055507,0.00320495,0.009761193,0.00803534,0.006418314,0.009710638,0.00321068,0.00808159,0.003709903,0.009781428,0.003872977,0.009699068,0.003838641,0.003197802,0.011359445,0.003840064,0.009697659,0.006424067
32374,0.006477365,0.008032687,0.006478808,0.009791903,0.003706995,0.003652635,0.00833233,0.003705552,0.003685579,0.003748519,0.003681305,0.00987134,0.003672667,0.009820759,0.009853949,0.003728449,0.011126741,0.003638327,0,0.009706653,0.003686956,0.00649174,0.009819305,0.009816449,0.003426516,0.003717035,0.004321195,0.006497495,0.006478803,0.00832236,0.003488118,0.004358439,0.003658408,0.009693658,0.003658405,0.009804854,0.003711293,0.017910728,0.003654125,0.004308302,0.003701291,0.003659834,0.003644057,0.006484558,0.003674082,0.003542505,0.003825815,0.003715607,0.003632603,0.008044213,0.011388589,0.004338382,0.009816434,0.009703775,0.056926546,0.003687023,0.00370414,0.00367265,0.009699421,0.008133286,0.008118949,0.004355596,0.003682719,0.003672714,0.009853987,0.008231511,0.009867,0.012260962,0.003674134,0.009830863,0.008222912,0.011148419,0.009853994,0.003479536,0.009812057,0.003699892,0.008071851,0.009849669,0.003572592,0.003772688,0.003656974,0.003659849,0.008071569,0.00366264,0.009806278,0.008031245,0.006464428,0.009682058,0.003666943,0.008110795,0.003479534,0.009826515,0.003842959,0.009673381,0.003662701,0.003656919,0.01139439,0.003665555,0.009671972,0.006470182
41039,0.009647519,0.00878136,0.009648973,0.00031879,0.009703451,0.009631246,0.009276403,0.009704853,0.009576464,0.009833479,0.009572177,0.007400332,0.009645692,0.00028605,0.007384462,0.009834881,0.010029748,0.009611038,0.009706653,0,0.009686096,0.00966052,0.000311673,0.000328756,0.009645911,0.009605275,0.009840749,0.009661967,0.009648966,0.008997966,0.009767185,0.009876878,0.009549072,4.27E-05,0.009549064,0.000297438,0.009709228,0.023474268,0.009544763,0.009845074,0.009813302,0.009547611,0.009613937,0.00965475,0.009781479,0.009494267,0.009781546,0.00960239,0.00972665,0.00877561,0.010285175,0.009858079,0.000354377,5.26E-05,0.059739469,0.009577939,0.009699119,0.009782926,5.12E-05,0.008903838,0.0088866,0.009875469,0.00957358,0.009563502,0.007388812,0.009101868,0.007395999,0.013307713,0.009564919,0.000381426,0.008929995,0.010048499,0.007384496,0.009758522,0.007413208,0.009588018,0.008773001,0.007404632,0.009572425,0.009831944,0.009547618,0.009546202,0.008777054,0.009774262,0.000338717,0.008779916,0.009634519,0.010954713,0.009778623,0.008809082,0.009757068,0.000304555,0.009946105,0.010946018,0.009553402,0.009768491,0.010290965,0.009550489,0.010941712,0.009640303
9453,0.006297542,0.008141873,0.006298985,0.00979156,0.000105297,0.00335798,0.008499289,0.000135181,0.003944607,0.003655504,0.003941764,0.009898496,0.003369423,0.009821862,0.009881106,0.003609681,0.011132294,0.003335098,0.003686956,0.009686096,0,0.006311912,0.009821855,0.009816106,0.003659697,0.003974641,0.00423235,0.006317665,0.00629898,0.008460436,0.003738469,0.004269595,0.003915994,0.00967021,0.003917423,0.009804512,0.000142297,0.01811522,0.003914574,0.004230917,0.003582527,0.003921717,0.003340824,0.006304732,0.003558186,0.003503808,0.00358962,0.003973212,0.00351242,0.008140443,0.01143608,0.004255253,0.009816091,0.009677434,0.056884452,0.003946052,0.000133759,0.003556755,0.009675973,0.008251169,0.008239715,0.004272465,0.003941745,0.00393317,0.00988693,0.008333585,0.009897034,0.012366363,0.003933157,0.009829088,0.008317731,0.011153972,0.009881151,0.003729884,0.009839228,0.003960358,0.008178039,0.009876826,0.00343514,0.00388718,0.003915991,0.0039203,0.008169244,0.003545314,0.009805936,0.00814043,0.006284609,0.009752544,0.003551048,0.008212645,0.003727017,0.009826172,0.003365053,0.009740973,0.003923153,0.0035353,0.01144188,0.003924576,0.009739564,0.006290361
31541,5.69E-05,0.008678149,5.83E-05,0.00971542,0.006332045,0.006457116,0.009032951,0.006327702,0.006491585,0.006503208,0.006487304,0.009890148,0.006474357,0.009744274,0.009874203,0.006520341,0.011089432,0.006445623,0.00649174,0.00966052,0.006311912,0,0.00974282,0.009739964,0.006372521,0.006523158,0.00682369,7.68E-05,5.83E-05,0.008936468,0.006480156,0.00685677,0.006464308,0.009647527,0.006464303,0.009725478,0.006333479,0.020517532,0.006460013,0.006820811,0.006497404,0.00646286,0.006448505,6.40E-05,0.006468623,0.006289112,0.006376702,0.006521724,0.006434191,0.008678149,0.011403311,0.006840941,0.009739949,0.009657643,0.058131039,0.006493043,0.006329174,0.006470062,0.009656182,0.008737169,0.00872138,0.006858236,0.006488712,0.006478673,0.009875688,0.008908847,0.009882914,0.012803288,0.006480091,0.009755838,0.008851272,0.011111109,0.009869923,0.00646723,0.009877127,0.00650596,0.008711456,0.009868477,0.006350957,0.006459845,0.006462865,0.006464323,0.008699781,0.006460013,0.009729794,0.008679593,4.41E-05,0.010425895,0.006464343,0.008750425,0.006467225,0.009750029,0.006679847,0.010417207,0.006468618,0.006451392,0.011409112,0.00647148,0.010412902,4.98E-05
12207,0.00973271,0.00882894,0.009734164,7.26E-05,0.009839213,0.009797324,0.009287958,0.009840616,0.009686199,0.009956263,0.009681911,0.007312562,0.009811774,5.98E-05,0.007296695,0.00995043,0.009967643,0.009777111,0.009819305,0.000311673,0.009821855,0.00974282,0,8.25E-05,0.009777325,0.009715013,0.009759857,0.009747159,0.009734156,0.009023935,0.009887065,0.009798859,0.009658802,0.000288898,0.009658794,3.13E-05,0.009844992,0.023578858,0.009654492,0.009764181,0.009928848,0.009657341,0.009780011,0.009739942,0.00989702,0.009658868,0.009912971,0.009712128,0.009845074,0.00882319,0.010253383,0.009777184,0.000116681,0.000298862,0.059803126,0.009687674,0.009834881,0.009898466,0.000297438,0.008918287,0.008901049,0.009794571,0.009683313,0.009673234,0.007301044,0.009119227,0.00730536,0.013298992,0.009674651,0.000145143,0.008977587,0.009986392,0.007293859,0.009875506,0.007385897,0.009697754,0.008803306,0.007316862,0.009729832,0.009982157,0.009657348,0.009655931,0.008824634,0.009889801,0.000101027,0.008827496,0.009719707,0.01097063,0.009894163,0.00883939,0.009876945,6.97E-05,0.01009636,0.010961935,0.009663133,0.009884029,0.010259173,0.009660219,0.010957628,0.009725493
13592,0.009729854,0.008823197,0.009731308,8.11E-05,0.009833464,0.009791575,0.009282212,0.009834866,0.009681897,0.009950513,0.009679055,0.007318341,0.009806025,8.40E-05,0.007302473,0.009944681,0.009961893,0.009771362,0.009816449,0.000328756,0.009816106,0.009739964,8.25E-05,0,0.009771577,0.009712158,0.009757001,0.009744304,0.009731301,0.009018191,0.009881316,0.009796003,0.009653054,0.000303133,0.009654492,7.40E-05,0.009839243,0.023578895,0.009651637,0.009761325,0.009923099,0.009653039,0.009774262,0.009737086,0.009894163,0.009654566,0.009907222,0.00970638,0.009839325,0.008817447,0.010250526,0.009774328,0.00012522,0.000313098,0.059804956,0.009683372,0.009829132,0.00989561,0.000311673,0.008915419,0.00889818,0.009791716,0.009679011,0.009670378,0.007306823,0.009113482,0.007314008,0.013296133,0.009670349,0.000153683,0.008971842,0.009980642,0.007302507,0.00987265,0.007391677,0.009694898,0.008800451,0.00732264,0.009726977,0.009976406,0.009653046,0.009653076,0.008818891,0.009885498,0.000109566,0.008821753,0.009716852,0.010964874,0.009891307,0.008836535,0.009871196,9.25E-05,0.010090609,0.010956179,0.009660277,0.00987828,0.010256316,0.00965447,0.010951872,0.009722637
25626,0.006358148,0.008155045,0.006359592,0.009747032,0.003679735,0.003603983,0.008430179,0.003678292,0.003847131,0.003612578,0.003844287,0.009906017,0.003624002,0.009777333,0.009888625,0.003768432,0.01118761,0.003589665,0.003426516,0.009645911,0.003659697,0.006372521,0.009777325,0.009771577,0,0.003877161,0.004359807,0.006378274,0.006359587,0.008463454,0.003448023,0.004395626,0.003818522,0.009630025,0.003819951,0.009759983,0.003684033,0.018059363,0.003817101,0.004349774,0.003741272,0.00382138,0.003595394,0.00636534,0.003716926,0.003592545,0.003788624,0.003875732,0.003671173,0.008149275,0.011439281,0.004376994,0.009771562,0.009640141,0.056978634,0.003847142,0.00367688,0.003715494,0.009635788,0.008261394,0.008247055,0.00439421,0.003844269,0.003835694,0.009888663,0.008323574,0.009904555,0.012350631,0.003835683,0.009784558,0.008330887,0.01120929,0.00988867,0.003442303,0.009861182,0.003862878,0.008152263,0.009882899,0.003645506,0.003855744,0.003818519,0.003822826,0.00817952,0.003704052,0.009761407,0.008153603,0.006345214,0.009712386,0.003709787,0.008188324,0.003442301,0.009781642,0.00387582,0.009699369,0.003825679,0.003696899,0.011445082,0.003827102,0.00969796,0.006350967
9594,0.006508782,0.007928761,0.006510226,0.009687615,0.003997555,0.003900141,0.008211011,0.00399038,0.000196376,0.003976037,0.000194953,0.00978007,0.003923045,0.009716467,0.00976413,0.003981717,0.011042705,0.003890124,0.003717035,0.009605275,0.003974641,0.006523158,0.009715013,0.009712158,0.003877161,0,0.004501556,0.006527474,0.006510221,0.008242854,0.003888722,0.004540243,0.000170759,0.009592283,0.000172182,0.009700566,0.003994693,0.014546352,0.000167913,0.004477198,0.003960268,0.000176452,0.003892992,0.006515975,0.003933047,0.003463749,0.003970404,0.000260424,0.003834297,0.007935959,0.011323269,0.004521607,0.009712143,0.009602398,0.05526741,0.000200646,0.003991834,0.003934479,0.009598045,0.007984667,0.007973215,0.004538826,0.00019353,0.000186414,0.00976272,0.008133243,0.00977573,0.012088136,0.000187837,0.009725137,0.008118949,0.011064381,0.009762728,0.003882999,0.009719323,0.000213455,0.007956235,0.009758403,0.003885897,0.004078982,0.000170759,0.000176452,0.007967636,0.003924465,0.00970199,0.007927319,0.006495845,0.009693276,0.003928771,0.007993726,0.003882996,0.009716452,0.004209435,0.009684599,0.000176452,0.003918742,0.011329069,0.000243346,0.009686082,0.006501599
4888,0.006809307,0.008221148,0.006810752,0.009731011,0.004255273,0.003948898,0.008497918,0.004250961,0.004472934,0.004312678,0.004468658,0.008900989,0.003966075,0.009761311,0.008883632,0.001293221,0.011036981,0.003931719,0.004321195,0.009840749,0.00423235,0.00682369,0.009759857,0.009757001,0.004359807,0.004501556,0,0.006829448,0.006810747,0.008473565,0.004252391,0.000173607,0.004445734,0.009827752,0.00444573,0.009745408,0.00425671,0.018639588,0.004441447,0.000199224,0.001308912,0.004447161,0.003934587,0.006813636,0.001239051,0.004126407,0.003998962,0.004502993,0.00129751,0.008231222,0.011337794,0.000163644,0.009756986,0.009837871,0.057339263,0.004474382,0.004249551,0.001240477,0.009833516,0.008242619,0.00822828,0.000180723,0.004470071,0.004460056,0.008883665,0.008417281,0.008890893,0.012346071,0.004461476,0.009769982,0.008381168,0.011058656,0.008877908,0.004246665,0.009202548,0.004487264,0.008179603,0.008879353,0.004165058,0.004487282,0.004444297,0.004447178,0.008231235,0.001227648,0.009746832,0.008219706,0.006796364,0.009895565,0.001231929,0.00821278,0.004246661,0.009764174,0.004587524,0.009883992,0.004450031,0.001221947,0.011343594,0.004450021,0.009882582,0.006799253
36962,6.26E-05,0.008681037,6.40E-05,0.00971976,0.006337798,0.00646287,0.009035841,0.006333455,0.006497339,0.006508963,0.006493058,0.009893041,0.006477234,0.009748613,0.009877096,0.006524656,0.011092331,0.006451377,0.006497495,0.009661967,0.006317665,7.68E-05,0.009747159,0.009744304,0.006378274,0.006527474,0.006829448,0,6.40E-05,0.008939357,0.00648591,0.006862527,0.006470062,0.009648973,0.006470057,0.009729817,0.006339231,0.020523408,0.006465766,0.006826569,0.006503158,0.006468613,0.006454259,6.97E-05,0.006474377,0.006294864,0.006385332,0.006527478,0.006439944,0.008681037,0.011404761,0.006846699,0.009744289,0.009659089,0.058134236,0.006498797,0.006334926,0.006475816,0.009657628,0.008740057,0.008724268,0.006863994,0.006494467,0.006484427,0.009878581,0.008911736,0.009885807,0.012809104,0.006485845,0.009760177,0.008854161,0.011114008,0.009872817,0.006472984,0.00988002,0.006511714,0.008714344,0.00987137,0.006355272,0.006465599,0.006468618,0.006470077,0.008702669,0.006465766,0.009734134,0.008682481,4.98E-05,0.010428791,0.006470097,0.008753313,0.006472979,0.009754369,0.006685603,0.010420103,0.006474372,0.006457146,0.011410562,0.006477234,0.010415798,5.55E-05
15699,4.41E-05,0.008663724,4.55E-05,0.009706757,0.006319112,0.00644418,0.009019962,0.006314769,0.006478648,0.006490271,0.006474367,0.009877142,0.006461421,0.00973561,0.009861198,0.006507403,0.011076402,0.006432688,0.006478803,0.009648966,0.00629898,5.83E-05,0.009734156,0.009731301,0.006359587,0.006510221,0.006810747,6.40E-05,0,0.008923481,0.00646722,0.006843826,0.006451372,0.009635972,0.006451367,0.009716814,0.006320546,0.020498455,0.006447077,0.006807868,0.006484467,0.006449924,0.006435569,5.12E-05,0.006455687,0.006276179,0.006366644,0.006508787,0.006421255,0.008663724,0.011390275,0.006827998,0.009731286,0.009646088,0.058118614,0.006480106,0.006316241,0.006457126,0.009644627,0.008724187,0.008708397,0.006845292,0.006475776,0.006465737,0.009862682,0.008895861,0.009869908,0.01279313,0.006467155,0.009747174,0.008836843,0.011098079,0.009856918,0.006454294,0.009864121,0.006493023,0.008698473,0.009855471,0.006338023,0.00644691,0.006449929,0.006451387,0.008685355,0.006447077,0.009721131,0.008665168,3.13E-05,0.010412878,0.006451407,0.008737442,0.006454289,0.009741366,0.006666907,0.010404191,0.006455682,0.006438456,0.011396076,0.006458544,0.010399886,3.70E-05
4130,0.008922036,0.004464378,0.008923488,0.008996563,0.008477756,0.008333617,0.00616289,0.008477717,0.008212651,0.008551348,0.008209811,0.008830644,0.008348022,0.009023942,0.00881762,0.008503831,0.010284025,0.00831632,0.00832236,0.008997966,0.008460436,0.008936468,0.009023935,0.009018191,0.008463454,0.008242854,0.008473565,0.008939357,0.008923481,0,0.008414427,0.008506718,0.008183867,0.008977777,0.008185303,0.009006613,0.008479193,0.022190976,0.00818245,0.008486543,0.008479399,0.008183854,0.008319213,0.008929259,0.0084462,0.008205592,0.008497984,0.008241417,0.00839003,0.004468686,0.010578847,0.008493747,0.009018177,0.008987882,0.059230768,0.00821412,0.008477763,0.008447644,0.008986424,0.004312438,0.00429242,0.008505321,0.008209772,0.008201154,0.008819097,0.005993334,0.0088292,0.011600238,0.008198243,0.009034034,0.004601964,0.010302782,0.008814785,0.008405781,0.008749857,0.008225624,0.004503188,0.008811897,0.008292227,0.008568485,0.008183861,0.008188214,0.004454356,0.008438997,0.009010926,0.004462944,0.008909049,0.008012104,0.008444803,0.004539023,0.008404331,0.009026804,0.008770375,0.008000567,0.008191074,0.00843468,0.010584641,0.008185284,0.008002039,0.008914828
15556,0.006465781,0.008144865,0.006467225,0.009856767,0.00375851,0.00374425,0.00848204,0.003757067,0.003858691,0.00360823,0.003855848,0.009924636,0.003749972,0.009887072,0.009908691,0.003702657,0.011196251,0.003715627,0.003488118,0.009767185,0.003738469,0.006480156,0.009887065,0.009881316,0.003448023,0.003888722,0.004252391,0.00648591,0.00646722,0.008414427,0,0.004291063,0.003830082,0.009751297,0.003831511,0.009869719,0.003762809,0.018052333,0.003828662,0.004236626,0.003672636,0.003830076,0.003724221,0.006472974,0.003648292,0.003848654,0.003842956,0.003887293,0.003619688,0.008139107,0.011463827,0.004275294,0.009881301,0.009758522,0.056953796,0.003860136,0.003755655,0.003649723,0.00975706,0.008236861,0.008222522,0.004292506,0.00385583,0.003847255,0.009913069,0.00836101,0.009923174,0.012291133,0.003847243,0.009897177,0.008309209,0.011217931,0.009907289,6.26E-05,0.009885588,0.003874439,0.008134945,0.009902964,0.003851564,0.003808524,0.003830079,0.003834387,0.008160721,0.003638282,0.009871144,0.008143422,0.006452845,0.009801864,0.003644017,0.008175333,7.40E-05,0.009888489,0.00401036,0.009790292,0.003837239,0.003631129,0.011469629,0.003838662,0.009788882,0.006458599
9294,0.006842386,0.008254288,0.006843831,0.009770011,0.00429252,0.003984694,0.008529641,0.004288206,0.00451162,0.004345629,0.004507343,0.008925509,0.003999006,0.009800313,0.008908151,0.00132744,0.011076057,0.003967514,0.004358439,0.009876878,0.004269595,0.00685677,0.009798859,0.009796003,0.004395626,0.004540243,0.000173607,0.006862527,0.006843826,0.008506718,0.004291063,0,0.004484418,0.00986388,0.004484414,0.009784409,0.004293956,0.018679067,0.004480131,0.000110989,0.001343132,0.004485844,0.003970382,0.006849583,0.001273267,0.004162206,0.004030469,0.00454168,0.00133458,0.008270134,0.011376888,6.40E-05,0.009795988,0.009874,0.057374894,0.004513067,0.004286797,0.001274693,0.009869645,0.008275759,0.008261419,0.000138029,0.004508756,0.004498741,0.008908184,0.008446114,0.008915412,0.012377967,0.00450016,0.009808985,0.008417202,0.011097734,0.008902427,0.004285337,0.009227079,0.00452595,0.008215627,0.008903871,0.004199427,0.004521681,0.00448298,0.004485862,0.008267261,0.001261864,0.009785833,0.008255731,0.006829442,0.009931697,0.001266145,0.008248806,0.004285333,0.009803176,0.004626216,0.009920123,0.004488715,0.001256162,0.011382688,0.004488705,0.009918713,0.0068352
43706,0.006449934,0.007871241,0.006451377,0.009628514,0.003938906,0.003841499,0.008152027,0.003931731,0.00013945,0.003917389,0.000136605,0.009723853,0.003865834,0.009658809,0.009707914,0.003928786,0.010983495,0.003831484,0.003658408,0.009549072,0.003915994,0.006464308,0.009658802,0.009653054,0.003818522,0.000170759,0.004445734,0.006470062,0.006451372,0.008183867,0.003830082,0.004484418,0,0.009533189,0.000112412,0.009641463,0.003936044,0.014542054,0.000109566,0.004421377,0.003901622,0.000116681,0.003834351,0.006457126,0.003877267,0.003403711,0.003908892,0.000199223,0.003775661,0.007878439,0.011266936,0.004465784,0.009653039,0.009543303,0.055221452,0.000140874,0.003933186,0.0038787,0.009538951,0.007925701,0.00791425,0.004483001,0.000136604,0.000128066,0.009706505,0.008074264,0.009719514,0.012028841,0.000128066,0.009666032,0.008061415,0.011005169,0.009706512,0.003824359,0.009663111,0.000155105,0.007897271,0.009702188,0.003830121,0.004020327,0.000110989,0.000118105,0.007910113,0.003867254,0.009642887,0.0078698,0.006436998,0.009639958,0.003872992,0.007934759,0.003824356,0.009657348,0.004147903,0.00962839,0.000118105,0.003860099,0.011272736,0.000182147,0.009629872,0.006442751
