"","18942","1053","36653","35906","24887","40959","19451","16248","17887","44480","12894","3806","16302","20472","19797","27494","17012","119","32374","41039","9453","31541","12207","13592","25626","9594","4888","36962","15699","4130","15556","9294","43706","30224","43738","4407","8838","2771","18058","33492","12760","44112","27614","24898","16010","18487","16993","17826","41342","156","26303","39547","1896","30219","6331","43890","9330","36091","27651","1745","2616","39468","21325","43498","34340","24543","23531","27330","42995","449","2874","25678","28712","12152","14210","18653","22092","19067","26235","22144","17629","36231","2448","31424","4302","1076","1471","19959","33633","18437","29295","20565","22234","31939","40447","22779","40560","37248","6454","38985"
"18942",0,0.00866372415476801,4.41090013547186e-05,0.00970531079419474,0.0063176742185865,0.00644274159752868,0.00901851762082405,0.00631333134389721,0.00647720954395089,0.00648883271878071,0.00647292889486491,0.00987569513531437,0.00645998279379825,0.00973416360154659,0.00985975079726545,0.00650596482714343,0.0110749527900747,0.00643124936001428,0.00647736476869297,0.00964751940432713,0.00629754177587137,5.69153745748812e-05,0.00973270970967141,0.0097298543272563,0.00635814830902112,0.00650878220386377,0.00680930739507012,6.26072586597189e-05,4.41089552949407e-05,0.00892203615242537,0.00646578138066909,0.00684238615807721,0.00644993362760874,0.00963452599224731,0.00644992867504879,0.00971536806065748,0.00631910748000705,0.0205028615582016,0.00644563821330946,0.00680642877772762,0.00648302830801371,0.00644848531541006,0.00643413104794097,4.98007097925545e-05,0.00645424889531363,0.00627474086676467,0.00636520584976877,0.00650734863213972,0.00641981668628746,0.00866372415476801,0.0113888249582884,0.00682655831003979,0.00972983934979678,0.00964464184531051,0.0581201765240516,0.0064786678894592,0.00631480290380258,0.0064556873261582,0.00964318082758271,0.00872274258076463,0.00870695352963691,0.00684385209592679,0.00647433756475518,0.00646429812357574,0.00986123534841265,0.00889441697367593,0.00986846140181078,0.0127902220907765,0.00646571674148661,0.0097457275296212,0.00883684307226653,0.011096629738647,0.00985547123212624,0.00645285521727111,0.00986267449035769,0.00649158451874898,0.00869702927157155,0.00985402452728584,0.00633658474496787,0.0064454713442844,0.00644849026282576,0.00644994850373954,0.00868535539869149,0.00644563821330946,0.00971968476848206,0.00866516801252495,2.98799071727412e-05,0.0104114304562917,0.00644996838163228,0.00873599762389596,0.00645285023289691,0.00973991933096787,0.00666546794598716,0.0104027426734861,0.00645424393654651,0.0064370177161595,0.0113946259859405,0.00645422907869625,0.0103984381650432,3.55715158917156e-05
"1053",0.00866372415476801,0,0.00866517475611722,0.00879868780170202,0.00815918336819239,0.00805119901577311,0.00585814023333245,0.00815626055415888,0.00790001314522067,0.00828749959597974,0.00789717216553056,0.00862868999784789,0.0080655851617502,0.00882894679622312,0.008611353715825,0.00819519866903375,0.0100465636105581,0.00803678204008523,0.00803268694693101,0.00878136000748519,0.00814187264650672,0.0086781494045202,0.00882894020417885,0.00882319689689799,0.00815504549591207,0.00792876137866465,0.00822114840192865,0.00868103719925582,0.00866372415476801,0.0044643777896071,0.00814486472638732,0.00825428788105623,0.00787124149408528,0.00876405241963269,0.00787267729358594,0.00881162477140723,0.00816350484878522,0.0218646568569862,0.00786982409160508,0.00823412052145777,0.00817366000284238,0.00787122924888706,0.00803967286796452,0.00867094348524745,0.00813905033516245,0.00794469187910313,0.00820526586380301,0.00792876750888355,0.00808146398877842,0.000116681006020312,0.0103730704572066,0.00824419458389376,0.00882318370786136,0.00877126549318104,0.0589577312942308,0.00790147969761513,0.00815486191565773,0.00814049288489799,0.00877269633556088,0.00413058053100715,0.00411343145228499,0.00825431977264539,0.00789713531638991,0.00788852029932282,0.00861426035050234,0.00578497973971177,0.0086272333539438,0.0113074181167167,0.00788561186529702,0.00883903560995724,0.000308827106844431,0.010066761916554,0.00861282324996971,0.00813622195011427,0.00857098656338423,0.00791297887114552,0.00389151786113435,0.00860706188875121,0.00801682118855364,0.00828882723208059,0.00787123536994443,0.00787558569335847,0.000101027512758492,0.00813616524817706,0.0088130490928131,1.42281917390037e-06,0.00865074307115696,0.00774700438438744,0.00813619671840108,0.00393017949389264,0.00813477308366082,0.00882892044658657,0.00848198122553387,0.00773547268663271,0.00787844502973511,0.00812896516157029,0.0103759658104542,0.00787265893342723,0.00773694318725603,0.00865651839378101
"36653",4.41090013547186e-05,0.00866517475611722,0,0.00970676462388184,0.0063191170855246,0.00644418494262771,0.00901707992026006,0.00631477416136827,0.00647865298143742,0.00649027632425728,0.00647437234974021,0.0098771494930504,0.00646142619280619,0.00973561750488529,0.00986120506517532,0.0065045312716321,0.0110764106026408,0.0064326926708905,0.00647880836566004,0.00964897302449969,0.00629898455595583,5.83383997553303e-05,0.00973416360154659,0.00973130823251463,0.00635959156569221,0.00651022570075207,0.00681075197914198,6.40303081384538e-05,4.55319359296083e-05,0.00892348772373892,0.00646722485080619,0.00684383085935459,0.00645137700374311,0.00963597957150848,0.00645137204603892,0.00971682188759368,0.00632055034800664,0.0205043406176991,0.00644708159139914,0.00680787334936974,0.00648447183721125,0.00644992867504879,0.00643557437637481,5.12237147243691e-05,0.0064556922900695,0.00627330771372673,0.0063637725382645,0.00650879212796488,0.00642126002466799,0.00866517475611722,0.0113902836707285,0.00682800294809652,0.00973129324468087,0.00964609546330606,0.0581186508064078,0.00648011135373163,0.00631624576347501,0.00645713072712133,0.00964463442893199,0.00872419329887214,0.00870840425137087,0.00684529682916627,0.00647578099497095,0.00646574154120584,0.00986268964854591,0.0088958682966519,0.00986991572815049,0.0127873241096224,0.00646716014474649,0.00974718147798456,0.00883829429499639,0.0110980876041254,0.0098569255227101,0.00645429865211791,0.00986412879158113,0.00649302800802411,0.00869848008920498,0.00985547881159081,0.00633515150400432,0.00644403785957499,0.00644993362760874,0.00645139189530643,0.00868680607316414,0.00644708159139914,0.00972113859868518,0.00866661862012829,3.13028371896819e-05,0.0104128863148063,0.00645141179377603,0.00873744859491302,0.00645429366259946,0.00974137323866315,0.00666691198080737,0.0104041984942617,0.0064556873261582,0.00643846106729508,0.0113960847236197,0.00645854931456429,0.0103998939929301,3.69944702046372e-05
"35906",0.00970531079419474,0.00879868780170202,0.00970676462388184,0,0.00980891776626625,0.00976558347419378,0.00925768538675941,0.00981031989571582,0.00965735545814191,0.00992596218046935,0.00965451438963056,0.00728237412557202,0.00978003282821194,7.39906704884968e-05,0.0072665074693598,0.00991868324744054,0.00993734190882331,0.00974537112594886,0.00979190271018628,0.00031878984297411,0.00979156007044075,0.00971542036782094,7.25676240439087e-05,8.11058374204929e-05,0.00974703200601462,0.00968761549286198,0.0097310108281461,0.00971975950933625,0.00970675714541223,0.00899656289496096,0.00985676696013573,0.00977001133927506,0.00962851350557668,0.000293167424814715,0.00962995229063242,6.40298465071161e-05,0.00981469638936626,0.0235524170455974,0.00962709664680016,0.0097353350850995,0.00989710189527463,0.00962849890760104,0.0097482711765343,0.00971254259212108,0.00986816796589427,0.00963002545615765,0.00988267218275473,0.00968183801604349,0.00981333152790393,0.00879293811772671,0.0102259647351235,0.00974833752449757,8.67976486258754e-05,0.0003031320205861,0.0597706455228323,0.00965883087905305,0.00980458568368458,0.0098696146225983,0.000301707959717684,0.00889090619295265,0.00887366858101849,0.00976572396028257,0.00965447048126203,0.00964583754985109,0.00727085639583658,0.0090889617576752,0.00727804172178451,0.0132656373903734,0.00964580831541724,0.000115258504278148,0.00894732766093316,0.00995609066557368,0.00726654078326032,0.0098481020371723,0.00735570583145888,0.00967035629249406,0.00877016608886217,0.00728667311574354,0.00970243305179401,0.00995185481705576,0.00962850620504151,0.00962853542575052,0.00879438211934398,0.00985950302189281,7.1144588735994e-05,0.00879724379591448,0.00969230873970445,0.0109402867423391,0.00986531200093398,0.00880624805883707,0.00984664788284665,8.25284642303224e-05,0.0100660533035472,0.0109315918210425,0.00963573667481972,0.00985228480557707,0.0102317543520247,0.00962993040132184,0.0109272850246674,0.009698094035796
"24887",0.0063176742185865,0.00815918336819239,0.0063191170855246,0.00980891776626625,0,0.00338087086519564,0.00850939299801516,0.000157951527700953,0.00396751983364505,0.00367554251814761,0.0039646770112103,0.00991585719429461,0.00339231394843813,0.00983922087341492,0.00989846623970475,0.00363258056865757,0.0111453400359982,0.00335798800530798,0.00370699511790979,0.00970345082680931,0.000105297351209716,0.00633204539453822,0.00983921345938573,0.00983346429361845,0.00367973488120022,0.00399755499058185,0.00425527343529281,0.00633779781882562,0.00631911228122849,0.00847775617851259,0.00375851020050401,0.00429251957685261,0.00393890569680574,0.00968756441718676,0.00394033496272308,0.00982186976612872,0.000165068213060162,0.0181386138834512,0.00393748588228727,0.00425384029624537,0.00360542569565894,0.00394462906458728,0.00336371469685011,0.00632486457315738,0.0035810839596766,0.00352670366285638,0.00360965569649733,0.00399612561738647,0.0035353167446145,0.00815775336471753,0.0114462312687845,0.00427817735487813,0.00983344946062767,0.00969478811519819,0.0569047172410266,0.00396896494103878,0.000156529204214218,0.0035796524639067,0.00969332733466695,0.00826848194305926,0.00825702773080757,0.00429538944145067,0.00396465805502572,0.0039560822417003,0.00990429059929553,0.00835377458949809,0.00991439540663524,0.0123823451930749,0.00395606964125083,0.00984644633482996,0.00833504712922934,0.0111670187284716,0.00989851113652649,0.00374992456093376,0.0098565874176093,0.00398327088560556,0.00819390842414539,0.0098941859370362,0.00345517036487671,0.00390722497843074,0.00393890255448672,0.00394321240376283,0.00818655532226168,0.00356821180604263,0.00982329411377715,0.00815774078516096,0.00630474141123427,0.00976411501173849,0.00357394614261571,0.00822851556233778,0.00374705781776676,0.00984353092975337,0.00338794362981266,0.00975254410158463,0.00394606463670469,0.0035581971925673,0.0114520323637412,0.00394748761992789,0.00975113446728577,0.00631049355426717
"40959",0.00644274159752868,0.00805119901577311,0.00644418494262771,0.00976558347419378,0.00338087086519564,0,0.00835374224191137,0.0033765669946487,0.00387010949190559,0.003847325523657,0.00386440181654363,0.00982910241139653,0.000122374374424491,0.00979733113657322,0.00981171474761691,0.00329502573799088,0.0110860568187679,8.82210706770699e-05,0.00365263507709084,0.00963124569623626,0.00335797997407373,0.00645711583840554,0.00979732375845546,0.00979157483160936,0.00360398278489685,0.00390014089330195,0.00394889809978756,0.00646286960316581,0.00644417999526868,0.00833361702350164,0.00374425017463245,0.00398469390101054,0.00384149943005284,0.00961536108124821,0.00384292856050855,0.00977998124877771,0.00338373567243739,0.0181164851288864,0.0038400792957988,0.00393887752608529,0.00327074381663224,0.00384722195251725,9.1067254188823e-05,0.00644705680316267,0.00324212406272212,0.00360967242725012,0.00361686983373652,0.00389871165558947,0.00319924559839404,0.00805694347303491,0.0113695544238819,0.00396607479572986,0.00979156007044075,0.00962547600370793,0.0570668675847619,0.00387155370509675,0.00337515479601808,0.00324355475157016,0.00962112346303985,0.00811581463953671,0.0081014770891195,0.003983277227087,0.00386724813597451,0.00385867313547212,0.00981175161898091,0.00821394108338657,0.00982476281168113,0.0122111341307849,0.00385866114198179,0.00980455611079263,0.00822126309970477,0.0111077337362439,0.00981320549811698,0.00373852844425067,0.00978138356208855,0.00388585768788228,0.00805995342587455,0.00980743430478004,0.00353384129938554,0.00400313110998521,0.00384149643946562,0.00384580482021658,0.0080727970573394,0.00323068888049306,0.00978140559953695,0.00804975667826331,0.00642980606048864,0.0097250934748139,0.00323641925473224,0.00809600832855539,0.0037385254636596,0.00980164102269615,0.00389301884690171,0.00971352340138687,0.00384865708569977,0.00322354070892382,0.0113753548122179,0.00385008023692973,0.00971211365119744,0.00643555954386326
"19451",0.00901851762082405,0.00585814023333245,0.00901707992026006,0.00925768538675941,0.00850939299801516,0.00835374224191137,0,0.00851657081949877,0.00818080997931937,0.00864208692871236,0.00817796894407357,0.00911642831544219,0.00836813435321942,0.00928796488244602,0.00910339627913208,0.00849211125324292,0.0104658608779558,0.00833931814941857,0.00833233009588933,0.0092764027518917,0.00849928892607381,0.00903295103579222,0.00928795780291148,0.00928221209939011,0.00843017855267526,0.00821101139246646,0.00849791790720968,0.00903584057868097,0.00901996235260957,0.00616289026610146,0.00848204028613788,0.00852964147591586,0.00815202712493304,0.00925620488104872,0.00815346340336993,0.00927062884443686,0.0085223776486718,0.0221525592312351,0.00815060978488976,0.00853396543329273,0.00846912219880439,0.00815201451882934,0.00834221067703896,0.00902574132149714,0.00844025538019401,0.00831787988727326,0.00851804720086016,0.00820957500567189,0.00840426547005761,0.00586819896193819,0.0107491199918412,0.00851810002942867,0.00928219793538414,0.00926342388162379,0.0591066230308151,0.008182277913074,0.00851661691104058,0.00844169868154381,0.0092648549902035,0.00606348313072647,0.00605061098144082,0.00853256173975526,0.00817793101207592,0.0081693131212292,0.00910487614788682,0.00367548214117847,0.00912074902572917,0.011671108685319,0.00816928787083725,0.00929806069281675,0.00599745570344383,0.0104875190793461,0.00910632804325858,0.00847340625748822,0.00906156632754921,0.00819378127942856,0.00584684282991118,0.00909767279496086,0.00836700498464528,0.00862899941694612,0.00815202082033848,0.00815348864858426,0.00585096443621466,0.00843305202073461,0.00927205291183955,0.00585670328862171,0.0090055292463928,0.0080681436316645,0.00843308478674811,0.00587989041355488,0.00847195630665476,0.00929227242568596,0.008859876247612,0.00805660563053619,0.0081592337771171,0.00842296221257191,0.0107549145655128,0.00815344450185549,0.00805519371603459,0.00901130806500005
"16248",0.00631333134389721,0.00815626055415888,0.00631477416136827,0.00981031989571582,0.000157951527700953,0.0033765669946487,0.00851657081949877,0,0.00396034500684388,0.00367409917617601,0.00395750208436849,0.0099172589515606,0.00338800995079785,0.00984062299193844,0.00989986816338244,0.00362827445218953,0.0111525390646363,0.00335368437056302,0.00370555173387874,0.00970485330339719,0.000135181117711145,0.00632770232098756,0.00984061559439397,0.00983486637968521,0.00367829201653689,0.00399037989799578,0.00425096073015502,0.00633345464600552,0.00631476938172335,0.00847771668482536,0.00375706653075786,0.00428820642972154,0.00393173119703568,0.00968896693635937,0.00393316045672606,0.00982327196860674,9.81820865442659e-05,0.0181283384395662,0.00393031132125141,0.0042495276116462,0.00360111967449956,0.00393745449491362,0.00335941096182732,0.00632052157438734,0.00357677832364996,0.00352239871354318,0.003608213077315,0.00398895053102827,0.00353101150698599,0.00815483052614459,0.0114577835691111,0.00427386446838425,0.00983485157966291,0.00969619060902167,0.0568936634039482,0.00396178999551291,0.00014656641837558,0.00357534684837157,0.00969472986981737,0.00826844433523059,0.00825698996364496,0.0042910762348261,0.00395748326317885,0.00394890748721857,0.0099056924070552,0.00835086256076947,0.00991579720524612,0.0123851934071015,0.00394889497676366,0.00984784842798679,0.00833212234252216,0.0111742179481784,0.00989991296128897,0.00374848093642998,0.00985798941920256,0.00397609578779878,0.00819242744739594,0.00989558775394378,0.00345372854495882,0.00390578110063372,0.00393172807721423,0.0039360377503247,0.00818363224886889,0.00356390628092327,0.00982469635733837,0.00815481799193753,0.00630039871058048,0.00977130284022403,0.00356964048039799,0.00822703424771605,0.00374561423215251,0.00984493308910506,0.00338364022633729,0.00975973186312682,0.00393889001580792,0.00355389177412526,0.0114635847482007,0.00394031303780019,0.00975832217988873,0.00630615075435364
"17887",0.00647720954395089,0.00790001314522067,0.00647865298143742,0.00965735545814191,0.00396751983364505,0.00387010949190559,0.00818080997931937,0.00396034500684388,0,0.00394313746457494,0.000109566320482026,0.00975269885027164,0.00389444504066149,0.00968477429387549,0.00973675931364392,0.00395739993104418,0.0110123908471508,0.00386009329789206,0.00368557949964422,0.0095764643626194,0.00394460711799518,0.00649158451874898,0.00968619853807655,0.00968189653178824,0.0038471306023366,0.000196376127259822,0.00447293449718677,0.00649733858975424,0.00647864801824753,0.00821265128984442,0.0038586912174912,0.00451161966409354,0.000139450441361419,0.00956202684126701,6.11840547992209e-05,0.00967030511084335,0.00396465805502572,0.0145725346671753,8.82207507572696e-05,0.00444857698638601,0.0039302339889657,6.82988810550255e-05,0.00386296062195554,0.00648440195681852,0.00390444664170647,0.00342944714756751,0.00393750486157637,0.000227688066379756,0.00380426860965057,0.00790721083557976,0.0112943936241469,0.00449298494980266,0.00968188188428136,0.00957214102348586,0.0552614957548367,9.24897919028789e-05,0.00396179943834446,0.00390587889812616,0.00956489699935595,0.00795447452207648,0.00794302310201673,0.00451020341521013,2.27654403120148e-05,0.000106719827654156,0.00973534983786841,0.0081030442155355,0.00974835969620414,0.0120548760290279,7.96825034547003e-05,0.00969487585470336,0.00808730917217308,0.0110340656145947,0.00973535721889592,0.00385296858823467,0.0096919541198023,0.000133757986709094,0.00792604380120562,0.00973103296168781,0.00385729857404904,0.00404894369451825,5.97610898525067e-05,0.000145143360778642,0.00793888648674567,0.00389300676664203,0.00967172938315282,0.0078985711633608,0.0064642733495785,0.00966880065699539,0.00390017101293258,0.00796353312436173,0.00385296556900189,0.0096861912219766,0.0041765252749131,0.00965723163767171,9.10667500085653e-05,0.00388871008353809,0.0113001933817171,0.000210610880550269,0.00965871408583928,0.00647002713916825
"44480",0.00648883271878071,0.00828749959597974,0.00649027632425728,0.00992596218046935,0.00367554251814761,0.003847325523657,0.00864208692871236,0.00367409917617601,0.00394313746457494,0,0.00394315913977842,0.0100229149116334,0.00385877705649306,0.00995627047863103,0.0100055196942797,0.00366271534018589,0.0112135403724847,0.00382442616459737,0.00374851919473888,0.00983347913899351,0.00365550421296209,0.0065032083260588,0.00995626295080634,0.00995051314846026,0.00361257790354471,0.00397603658171287,0.00431267833647168,0.00650896271989824,0.00649027127378107,0.0085513481938368,0.00360822972237873,0.00434562885535006,0.00391738905715056,0.00981758942654905,0.00391881830237313,0.00993891586856725,0.00367984069507206,0.018129867924785,0.00391310442687188,0.00431410471738676,0.00363842911589163,0.00391738289831681,0.00383015787866559,0.00649314839619827,0.00361407876584709,0.00376281783315863,0.00363116314941274,0.0039746072292158,0.00357974944710547,0.00828749959597974,0.0114898082750197,0.004331291215376,0.00995049808788085,0.00982770776335942,0.0570786319410202,0.00394601461158703,0.0036726877537006,0.00361264712662019,0.00982335330379258,0.00834492997651173,0.00832770348988473,0.00435710000260912,0.00394314055185287,0.00393456486270724,0.0100084519237495,0.00847773641777639,0.0100243466799962,0.0124071813119538,0.00393455250775814,0.00996205044836485,0.00845764117297204,0.0112352212915044,0.0100099066153722,0.00359821460963938,0.00996503491127947,0.00395888765438275,0.00829915969583538,0.0100041337314732,0.00382442924682035,0.0039631142456078,0.00391738597620378,0.00392169533378537,0.00830911813817848,0.0035983425862326,0.00994034017622951,0.00828605667157605,0.00647589597266437,0.00986681857490064,0.00360694107514332,0.0083323431854071,0.00359678032798057,0.00995768724774227,0.00421224844619817,0.00985524528778282,0.00392454764808185,0.00359405361078816,0.0114956099421288,0.00392453839282646,0.00985383609915629,0.00648165008505662
"12894",0.00647292889486491,0.00789717216553056,0.00647437234974021,0.00965451438963056,0.0039646770112103,0.00386440181654363,0.00817796894407357,0.00395750208436849,0.000109566320482026,0.00394315913977842,0,0.00974985793367595,0.00388873727757986,0.00968336473942498,0.00973391825807715,0.00395455654603077,0.011009549042445,0.00385438567652374,0.0036813047474596,0.00957217721126541,0.00394176423170013,0.00648730385971589,0.00968191119167563,0.00967905546504805,0.00384428681274522,0.000194953401829147,0.00446865783588885,0.00649305793899855,0.00647436737123069,0.00820981067094409,0.00385584808313128,0.00450734295135752,0.000136604854203915,0.00955918562094583,8.25290974823712e-05,0.00966746394146096,0.0039618152375944,0.0145682093871162,8.39522168232467e-05,0.00444430035125295,0.00392739076407399,8.67981163553732e-05,0.00385725300969705,0.00648012131807868,0.00390017101293258,0.00342802943801394,0.00393466227347278,0.000224842356810296,0.00380142522417436,0.00790436985222503,0.0112901016759962,0.00448870822562157,0.0096790407825763,0.00956929982958961,0.0552524055521146,0.00011098980988674,0.00395895664323162,0.00390160327140362,0.00956494756741198,0.00795163282080399,0.00794018159487783,0.00450592677680164,0.000106720245290895,0.000102451198567666,0.00973250886344495,0.00810020320930615,0.00974551876078008,0.0120520375891,9.81819999816102e-05,0.0096920347570221,0.00808735340469692,0.0110312237641967,0.00973251626195605,0.00385012546388779,0.00968911293963954,0.000129489259431651,0.00792320314293176,0.00972819202088755,0.0038530234575673,0.00404609994142273,8.11060697632427e-05,0.000140874680075753,0.00793604550121226,0.00389158963255546,0.00966888816759698,0.00789573017743276,0.00645999271250922,0.00966595934147724,0.00389589548485291,0.00796069261088273,0.00385012242734189,0.00968335006916449,0.00417224947123398,0.00965439027196256,4.69547773723771e-05,0.00388586674943417,0.0112959014419757,0.000207765425111286,0.00965587281381725,0.0064657465103755
"3806",0.00987569513531437,0.00862868999784789,0.0098771494930504,0.00728237412557202,0.00991585719429461,0.00982910241139653,0.00911642831544219,0.0099172589515606,0.00975269885027164,0.0100229149116334,0.00974985793367595,0,0.0098464314951345,0.0073125679691153,0.00011525841163705,0.00994325634729314,0.0100943796938385,0.00981465938871838,0.00987133971173283,0.00740033212669806,0.00989849615853351,0.00989014769094788,0.00731256237966604,0.00731834118548913,0.00990601694762716,0.0097800697635379,0.00890098925912493,0.00989304128900685,0.00987714189457362,0.00883064373953813,0.0099246360063828,0.00892550854755581,0.00972385301116527,0.00737732079218739,0.00972529194931341,0.00729528790024343,0.00992163682233385,0.0236365211564917,0.00972243627414477,0.00893993170073897,0.00991733405169876,0.00972528455816653,0.00981611329078542,0.00988292897347328,0.00988839907581523,0.00977730298160295,0.00996502733682945,0.0097742914286605,0.00984510394671096,0.00863736493402501,0.0103759131218817,0.00891830704662051,0.00730681719542226,0.00738739981739159,0.0598780951568322,0.00975417488241348,0.00991441792876248,0.00988984578484153,0.00738594783684442,0.00871646389171519,0.00869922958697428,0.00893565200506377,0.00974981347556108,0.00974117962554085,0.000119528243539281,0.00896198991617702,0.000140874557053865,0.0132380431081635,0.00974115002462424,0.00731975370380047,0.0087830553931803,0.0101102381774516,0.000126643534557812,0.00991597020790481,0.000436957275263656,0.00976570170397463,0.00864340360679722,0.000135182160606175,0.00980058959426832,0.0100587569800739,0.00972384561901495,0.00972242887170528,0.00862582878798525,0.00987973385790789,0.00729959254724659,0.00863013363465772,0.00986268964854591,0.0109432584404333,0.00987977128296044,0.00867514731484343,0.00991451584667998,0.00731974811321741,0.010209083778802,0.0109345633553299,0.00973107731234502,0.00986962208986243,0.0103817038199938,0.0097194845141692,0.0109302566376951,0.00986847657674314
"16302",0.00645998279379825,0.0080655851617502,0.00646142619280619,0.00978003282821194,0.00339231394843813,0.000122374374424491,0.00836813435321942,0.00338800995079785,0.00389444504066149,0.00385877705649306,0.00388873727757986,0.0098464314951345,0,0.00981178117180031,0.00982904327826667,0.00330217464589482,0.0111019845709425,9.67592046106688e-05,0.00367266744266164,0.00964569187286554,0.00336942261913796,0.00647435742343754,0.00981177377895153,0.00980602477511589,0.00362400225155283,0.00392304509948735,0.00396607479572986,0.00647723438030768,0.0064614212329192,0.00834802170446662,0.00374997195005545,0.00399900647369871,0.0038658339970671,0.00962980688801135,0.0038672631664244,0.00979443084681225,0.00339517882329329,0.018136935938751,0.00386441389180324,0.00395605395953577,0.00327932330330245,0.00387155672039974,0.000102451587342617,0.00646429812357574,0.00325070312764787,0.00362398249255582,0.00362831702273575,0.00392304811826404,0.00321068539061059,0.00807134219194697,0.0113854890626133,0.00398325193460173,0.00980600998448528,0.00963992205922079,0.0570869965218497,0.00389588940592091,0.00338659779538847,0.00325213383696491,0.00963556937619477,0.008133099292297,0.00811876150251899,0.00400045490799447,0.00389158358428947,0.00388300835036435,0.00982908021325185,0.00822401486108752,0.00984209176986808,0.0122270928805316,0.00388299626634749,0.00981900631959852,0.00823566543657194,0.0111236619835012,0.00983053414696069,0.00374425017463245,0.0097958184037911,0.00391019386829681,0.00807722464561495,0.00982476281168113,0.00354814959671871,0.00401888211861264,0.00386583098384978,0.00387013963972099,0.00808719612548454,0.0032392678063492,0.00979585519104072,0.00806702753254623,0.00644704690939402,0.00974240513736677,0.00324499828097223,0.00811328047815649,0.00374424719195687,0.00981609111198351,0.00390732931032675,0.00973083476273201,0.00387299193774625,0.00323211954477909,0.0113912896191768,0.00387441508261657,0.00972942500752843,0.00645280055828629
"20472",0.00973416360154659,0.00882894679622312,0.00973561750488529,7.39906704884968e-05,0.00983922087341492,0.00979733113657322,0.00928796488244602,0.00984062299193844,0.00968477429387549,0.00995627047863103,0.00968336473942498,0.0073125679691153,0.00981178117180031,0,0.00729670053148084,0.00995043796943387,0.00996909725437049,0.00977711786784072,0.00982075900045265,0.000286050030077956,0.00982186237411328,0.00974427359272179,5.97611399634715e-05,8.39518847588536e-05,0.00977733277935059,0.00971646704646593,0.00976131067038089,0.0097486129225268,0.00973561001552475,0.009023941759523,0.00988707247197021,0.00980031289824419,0.00965880891997367,0.000261852303087315,0.00965737008406067,6.11841069349567e-05,0.00984499975137078,0.0235817991440161,0.00965594589154812,0.00976563510221119,0.00992885579108773,0.00965591662331655,0.00978001807575182,0.00974139571327997,0.00989847371476732,0.00965744339934832,0.00991297866632699,0.00971213558244082,0.00984508156805232,0.00882319689689799,0.0102562852563375,0.00977863811816219,0.000118104256490234,0.000271816408483518,0.0598015970933309,0.00968624983743962,0.00983488860293981,0.00989992043844454,0.000270392461116342,0.0089211690589872,0.00890393082665103,0.00979602540926044,0.00968188920648728,0.00967468752319145,0.00730104972097883,0.00911923406892195,0.00730536554794925,0.0132990021786575,0.00967322669414657,0.000145143252942578,0.00897759331105875,0.00998784681570968,0.00729386417058231,0.00987551375090891,0.00738590275512836,0.00969920723456529,0.00880331266101002,0.00731686710740061,0.0097312857554065,0.00998216406114981,0.00965592393573208,0.00965738472235907,0.00882464096524291,0.00988837663884472,0.000102450439234428,0.00882750272370759,0.00972116100400497,0.0109677400869062,0.00989561768079999,0.00883939645671491,0.0098769529388597,5.12234641754891e-05,0.0100963676459456,0.0109590448127875,0.00966458624161185,0.00988403655571767,0.0102620751414084,0.00966022583076753,0.0109547378843495,0.00972694655112975
"19797",0.00985975079726545,0.008611353715825,0.00986120506517532,0.0072665074693598,0.00989846623970475,0.00981171474761691,0.00910339627913208,0.00989986816338244,0.00973675931364392,0.0100055196942797,0.00973391825807715,0.00011525841163705,0.00982904327826667,0.00729670053148084,0,0.00992586472919368,0.0100769859720647,0.00979727219831754,0.00985394892384047,0.00738446210072556,0.00988110590719473,0.00987420287951312,0.00729669497717766,0.00730247346176412,0.00988862497817899,0.00976412972436418,0.0088836324296473,0.00987709636872837,0.00986119750210578,0.00881761973371535,0.0099086909865056,0.00890815091219663,0.00970791417300268,0.00736145138353833,0.00970935309215488,0.0072794210748258,0.00990424567081975,0.023621704534891,0.00970649734880633,0.0089225735934988,0.00989994288848978,0.00970934573639878,0.00979872600430858,0.00986698436332681,0.00987100908468472,0.00975991603969355,0.00994763450195532,0.00976124432012627,0.00982771518851299,0.00862002826451938,0.0103585114909628,0.0089009495911031,0.00729094990328872,0.00737153006616468,0.0598622773876222,0.00973823514981965,0.00989702699527611,0.00987245573511033,0.00737007820988712,0.00869912570759699,0.00868189161651377,0.00891829377388587,0.00973387401232187,0.00972524027628623,0.000103873845105955,0.00894607321787566,0.000125219609759604,0.0132176534619627,0.00972521081693911,0.00730388610185965,0.00876571390449978,0.0100928441109184,0.000110988976126197,0.00990002544374652,0.000421293091455473,0.00974976174860329,0.00862749592651498,0.000119527355088156,0.00978320100268299,0.010041361947666,0.00970790681624307,0.0097064899817576,0.00860849248958924,0.0098623441433767,0.00728372566542669,0.00861279729845058,0.00984674572944132,0.0109229376270196,0.0098623813809341,0.00865923854807747,0.00989857117235446,0.00730388054642349,0.0101916835852011,0.0109142429451216,0.00971513823763691,0.00985223271051917,0.0103643019543592,0.0097035459807255,0.0109099362200247,0.00985253243997133
"27494",0.00650596482714343,0.00819519866903375,0.0065045312716321,0.00991868324744054,0.00363258056865757,0.00329502573799088,0.00849211125324292,0.00362827445218953,0.00395739993104418,0.00366271534018589,0.00395455654603077,0.00994325634729314,0.00330217464589482,0.00995043796943387,0.00992586472919368,0,0.0112177742302521,0.00326928462458686,0.00372844928301769,0.00983488119209212,0.00360968083390974,0.0065203405032851,0.00995043046856365,0.00994468064867545,0.00376843216078526,0.00398171724657894,0.00129322102104105,0.00652465628003864,0.00650740337800491,0.00850383114949128,0.00370265660633397,0.00132744034155532,0.00392878643198197,0.00981899152226503,0.00393021571378254,0.00993308368409323,0.00363401502444925,0.0181266612520064,0.00392736628311342,0.00133028918285272,0.000305978641204607,0.00393450965098186,0.00327501021865574,0.00651315762283944,0.000230536914973706,0.00352527231256348,0.00336078120054175,0.00398600539545762,0.000305979153736538,0.0082009441193317,0.011515815197218,0.00131460257279914,0.00994466564200389,0.00982910981697024,0.057074875989445,0.00395884452350163,0.00362686262433533,0.000231960289053487,0.00982475541548091,0.00828153030867846,0.00826719065057082,0.00134027406502697,0.00395453822682189,0.00394596231820044,0.00992590214852074,0.00838985300956757,0.00993891586856725,0.0123851934071015,0.0039459501423943,0.00995766470444039,0.00836817319341714,0.0112394551943894,0.00992590964167625,0.00369693528268527,0.00989985325551897,0.00397315020221955,0.0081867460048242,0.00992158428414575,0.00355530662477725,0.00392016849290726,0.00392878339581943,0.00393309254964629,0.00821680119667572,0.00021772738683065,0.00993450804331036,0.0081937559985931,0.00649302800802411,0.00982046765418484,0.000217727910907665,0.0082199230826794,0.00369693243495389,0.00995185481705576,0.00394302241548961,0.00981178856774521,0.00393594502666609,0.000210611045113213,0.0115216170662902,0.00393593590576506,0.0098103790836869,0.00649878210386153
"17012",0.0110749527900747,0.0100465636105581,0.0110764106026408,0.00993734190882331,0.0111453400359982,0.0110860568187679,0.0104658608779558,0.0111525390646363,0.0110123908471508,0.0112135403724847,0.011009549042445,0.0100943796938385,0.0111019845709425,0.00996909725437049,0.0100769859720647,0.0112177742302521,0,0.0110701537942909,0.0111267408610282,0.0100297482110439,0.0111322940998066,0.0110894316549867,0.00996764294105025,0.0099618929035772,0.011187610164285,0.0110427049033836,0.0110369805131305,0.0110923307897399,0.0110764023175287,0.0102840247683862,0.0111962506853184,0.0110760571457936,0.0109834948499476,0.0100095281317502,0.0109849359811068,0.00994884918552858,0.0111569285519637,0.0247424752426362,0.0109820780186097,0.0110369642829465,0.0111918105942869,0.0109863771153697,0.0110701619002697,0.0110822004693679,0.0111599177079844,0.0110268028288743,0.0112308305339748,0.0110412636631193,0.0111165611847982,0.0100494720154949,0.00243890411634475,0.0110543403777786,0.00996187797054156,0.0100167554107809,0.0599456540865416,0.0110138725706944,0.0111511464913537,0.0111642666181475,0.0100181873800681,0.0100479886035002,0.0100307283399875,0.0110717659450056,0.0110095003864871,0.0110008533776684,0.0100828108429958,0.0103663354251681,0.0100929178623862,0.0144217372193297,0.0109979224738405,0.00997341541931321,0.0102056041874405,0.000163643648728353,0.010078477198392,0.0111875687523363,0.0101665431855048,0.01102541833734,0.0100194552960975,0.0100727039687452,0.0110762208303768,0.0112524212771779,0.0109834867582525,0.0109849683749102,0.0100596004293132,0.0111497867634938,0.00995461406275718,0.0100451167236078,0.011061923763393,0.011830033726805,0.0111614083614896,0.0100498191170584,0.0111890102168588,0.00997340795617955,0.0114795968525377,0.0118155389734365,0.010990732914529,0.011145454332075,0.00244176136941024,0.0109791148773317,0.0118141309475572,0.0110677217639526
"119",0.00643124936001428,0.00803678204008523,0.0064326926708905,0.00974537112594886,0.00335798800530798,8.82210706770699e-05,0.00833931814941857,0.00335368437056302,0.00386009329789206,0.00382442616459737,0.00385438567652374,0.00981465938871838,9.67592046106688e-05,0.00977711786784072,0.00979727219831754,0.00326928462458686,0.0110701537942909,0,0.00363832703486081,0.00961103751796931,0.00333509796384059,0.00644562334657469,0.00977711050353423,0.00977136170011115,0.00358966458968899,0.00389012430315402,0.00393171873610852,0.00645137700374311,0.0064326877308579,0.00831632017925288,0.00371562714243523,0.00396751353730806,0.00383148363029662,0.00959515339058926,0.00383291274337066,0.00975976854365788,0.00336085268448335,0.0181062681615522,0.00383006349788817,0.00392169843312568,0.00324500343694604,0.00383720607287636,6.54534451857509e-05,0.00643556448495875,0.00321638499524354,0.00359250803717275,0.00359397891433462,0.00388869508282601,0.0031763691640904,0.00803965421893191,0.0113536450037402,0.00394889497676366,0.00977134696656493,0.00960526799021134,0.0570607367163523,0.00386153746780348,0.00335227210484347,0.00321781562064144,0.00960091562141479,0.00810140904875862,0.00808707169033846,0.00396609682925515,0.00385723198190598,0.00384865708569977,0.00979730901150785,0.00819664766338003,0.00981031989571582,0.012195204088523,0.00384864511292544,0.00978434261526763,0.00820396919389352,0.0110918302367397,0.00979876284343974,0.00370990564766857,0.00976404895816097,0.00387584125603638,0.00804553592951915,0.00979299176910828,0.00351667885176407,0.00398738949512163,0.0038314806448881,0.00383578893724212,0.00805550735409235,0.00320495023435214,0.00976119288772931,0.00803533974210069,0.00641831405038306,0.00971063821461328,0.00321068029010557,0.00808158986163572,0.00370990269279093,0.00978142766484796,0.00387297686627309,0.00969906845911067,0.00383864117831935,0.00319780233689306,0.0113594452490906,0.00384006432252473,0.00969765865955956,0.00642406742617637
"32374",0.00647736476869297,0.00803268694693101,0.00647880836566004,0.00979190271018628,0.00370699511790979,0.00365263507709084,0.00833233009588933,0.00370555173387874,0.00368557949964422,0.00374851919473888,0.0036813047474596,0.00987133971173283,0.00367266744266164,0.00982075900045265,0.00985394892384047,0.00372844928301769,0.0111267408610282,0.00363832703486081,0,0.00970665277180258,0.00368695600149013,0.00649174019432234,0.0098193048668302,0.00981644931636634,0.00342651644153837,0.00371703541659335,0.00432119541478637,0.00649749452193643,0.00647880330713793,0.00832235974931055,0.00348811844483814,0.00435843899997637,0.00365840835213112,0.00969365828326209,0.0036584054221226,0.00980485406869549,0.00371129346320074,0.0179107275268434,0.00365412490220225,0.00430830246802134,0.00370129118890063,0.00365983422458679,0.00364405653017035,0.00648455750230587,0.00367408187368707,0.00354250464762537,0.00382581545571406,0.0037156065079305,0.00363260333437032,0.00804421332617727,0.0113885893468357,0.00433838184528941,0.00981643424877897,0.00970377499713306,0.056926546411147,0.00368702306855996,0.00370414022716164,0.00367265015247184,0.00969942120398412,0.00813328646155148,0.00811894934335447,0.00435559642160271,0.00368271886849482,0.00367271408808336,0.00985398668686496,0.00823151100074063,0.00986699950930573,0.0122609620370709,0.00367413411144468,0.00983086274062049,0.00822291232271857,0.0111484191529592,0.00985399424875743,0.0034795362831931,0.00981205688360642,0.00369989166419783,0.00807185093411925,0.00984966930498168,0.00357259168135899,0.00377268814321254,0.00365697369475787,0.00365984890016852,0.00807156868297153,0.00366263967591961,0.00980627811048152,0.00803124458445662,0.0064644281876628,0.00968205847145362,0.00366694343380425,0.00811079470057805,0.00347953353900888,0.00982651533636242,0.0038429586245594,0.00967338104188164,0.00366270062881517,0.00365691864458003,0.011394390138934,0.00366555531801718,0.00967197175843288,0.00647018223383622
